100 149
3 9
50 74
91 26
89 73
78 2
34 28
26 29
47 88
37 32
29 68
14 75
27 39
78 10
69 51
17 80
7 29
96 57
62 86
44 89
100 29
62 7
93 2
62 100
74 69
88 95
37 16
37 14
47 78
22 52
100 31
40 78
32 13
5 22
2 88
17 67
58 6
68 35
54 96
88 1
56 90
51 4
61 39
14 9
49 77
35 81
14 34
7 36
35 31
69 70
4 63
74 3
62 46
37 43
72 28
100 85
88 91
43 10
7 39
23 53
4 79
28 96
20 95
94 100
35 45
44 32
22 79
76 60
53 77
18 80
82 21
36 47
31 56
65 96
15 39
69 13
5 84
87 88
13 24
16 23
69 9
14 15
98 90
35 60
45 8
77 12
19 25
50 71
71 80
78 29
100 49
85 33
28 35
21 41
6 54
65 51
66 21
42 80
20 98
88 65
25 42
43 13
19 30
59 72
77 97
62 4
1 98
73 65
48 12
33 11
14 65
40 53
4 100
31 70
9 54
65 11
99 83
50 58
37 49
70 14
50 87
86 9
63 75
75 38
97 2
43 16
38 44
81 92
10 38
72 99
65 67
75 37
85 71
96 99
48 69
9 12
33 90
1 42
65 68
41 88
56 33
96 35
32 78
40 64
55 22
17 91
41 22
53 52
35 99
22 96
9 96